1126051217 1127075235 1024018
1127075237 1127075742 505
1127075744 1127173426 97682
1127173428 1127175853 2425
1127175855 1127179822 3967
1127179824 1127276643 96819
1127276647 1127276804 157
1127276808 1127277031 223
1127277035 1127277298 263
1127277302 1127277522 220
1127277526 1127277845 319
1127277849 1127278110 261
1127278113 1127278214 101
1127278217 1127278753 536
1127278756 1127279098 342
1127279101 1127279525 424
1127279528 1127279649 121
1127279652 1127280128 476
1127280131 1127280438 307
1127280441 1127281237 796
1127281240 1127281961 721
1127281964 1127282018 54
1127282021 1127282071 50
1127282074 1127282126 52
1127282128 1127282179 51
1127282181 1127282232 51
1127282234 1127282284 50
1127282286 1127282332 46
1127282334 1127282383 49
1127282385 1127282428 43
1127282430 1127282482 52
1127282484 1127282523 39
1127282525 1127282582 57
1127282585 1127282636 51
1127282639 1127282686 47
1127282689 1127282733 44
1127282735 1127282776 41
1127282778 1127282825 47
1127282827 1127282970 143
1127282972 1127283013 41
1127283015 1127283054 39
1127283056 1127283095 39
1127283097 1127283166 69
1127283168 1127283210 42
1127283212 1127283251 39
1127283253 1127283298 45
1127283300 1127283344 44
1127283346 1127283446 100
1127283448 1127683332 399884
1127683336 1127684763 1427
1127684767 1127685140 373
1127685144 1127783818 98674
1127783821 1127789373 5552
1127789375 1128124330 334955
1128124333 1128125231 898
1128125233 1128126131 898
1128126133 1128127031 898
1128127033 1128127930 897
1128127933 1128128831 898
1128128833 1128129731 898
1128129733 1128130631 898
1128130633 1128657862 527229
1128657864 1128658222 358
1128658224 1128658582 358
1128658584 1128658942 358
1128658944 1128659302 358
1128659304 1128666022 6718
1128666024 1128666382 358
1128666384 1128666742 358
1128666744 1128667102 358
1128667104 1128667462 358
1128667464 1128667822 358
1128667824 1128668182 358
1128668184 1128668542 358
1128668544 1128668902 358
1128668904 1128669262 358
1128669264 1128669622 358
1128669624 1128669982 358
1128669984 1128670342 358
1128670344 1128670702 358
1128670704 1128671062 358
1128671064 1128671422 358
1128671424 1128671782 358
1128671784 1128672502 718
1128672504 1129404545 732041
1129404546 1131397644 1993098
1131397647 1134345929 2948282
1134345931 1134353734 7803
1134353735 1134354934 1199
1134354935 1134356134 1199
1134356135 1134359806 3671
1134359807 1134361005 1198
1134361007 1134362206 1199
1134362207 1134363405 1198
1134363407 1134364606 1199
1134364607 1136584228 2219621
1136584237 1136586138 1901
1136586147 1136587238 1091
1136587247 1136588337 1090
1136588346 1136589438 1092
1136589446 1136590538 1092
1136590546 1136591638 1092
1136591647 1136592738 1091
1136592747 1136593838 1091
1136593848 1136594938 1090
1136594947 1136965822 370875
1136966168 1137030022 63854
1137030368 1137215422 185054
1137215768 1137254417 38649