1126051217 1127161623 1110406
1127161625 1127161723 98
1127161725 1127162126 401
1127162128 1127162532 404
1127162534 1127162961 427
1127162963 1127175853 12890
1127175855 1127179822 3967
1127179824 1127181622 1798
1127181624 1127183422 1798
1127183424 1127783818 600394
1127783821 1127784865 1044
1127784868 1127789373 4505
1127789375 1128124330 334955
1128124333 1128125231 898
1128125233 1128126131 898
1128126133 1128127031 898
1128127033 1128127930 897
1128127933 1128128831 898
1128128833 1128129731 898
1128129733 1128130631 898
1128130633 1128657862 527229
1128657864 1128658222 358
1128658224 1128658582 358
1128658584 1128658942 358
1128658944 1128659302 358
1128659304 1128659662 358
1128659664 1128666022 6358
1128666024 1128666382 358
1128666384 1128666742 358
1128666744 1128667102 358
1128667104 1128667462 358
1128667464 1128667822 358
1128667824 1128668182 358
1128668184 1128668542 358
1128668544 1128668902 358
1128668904 1128669262 358
1128669264 1128669622 358
1128669624 1128669982 358
1128669984 1128670342 358
1128670344 1128670702 358
1128670704 1128671062 358
1128671064 1128671422 358
1128671424 1128671782 358
1128671784 1128672502 718
1128672504 1129391753 719249
1129391754 1129394153 2399
1129394154 1129397697 3543
1129397698 1131397644 1999946
1131397647 1134345929 2948282
1134345931 1134348934 3003
1134348935 1134353734 4799
1134353735 1134354934 1199
1134354935 1134356134 1199
1134356135 1134357333 1198
1134357335 1134359806 2471
1134359807 1134361005 1198
1134361007 1134362206 1199
1134362207 1134363405 1198
1134363407 1134364606 1199
1134364607 1135352097 987490
1135352098 1136584228 1232130
1136584237 1136586138 1901
1136586147 1136587238 1091
1136587247 1136588337 1090
1136588346 1136589438 1092
1136589446 1136590538 1092
1136590546 1136591638 1092
1136591647 1136592738 1091
1136592747 1136593838 1091
1136593848 1136594938 1090
1136594947 1136900422 305475
1136900769 1136907622 6853
1136907969 1137215422 307453
1137215769 1137254417 38648