1126051217 1126974960 923743
1126983480 1126983600 120
1126983840 1127580660 596820
1127580720 1127580840 120
1127580900 1127580960 60
1127581020 1127590500 9480
1127593620 1129136460 1542840
1129393980 1129672080 278100
1129672560 1129673880 1320
1129705200 1129705320 120
1130003940 1130007060 3120
1130007540 1130007900 360
1131217140 1131220740 3600
1131304440 1131304560 120
1131304920 1131305040 120
1131782400 1131782520 120
1131829140 1131831240 2100
1131839940 1131843540 3600
1131919020 1131919200 180
1132099740 1132099860 120
1132206480 1132206600 120
1132420320 1132436940 16620
1132437000 1132437780 780
1132438020 1132439280 1260
1132439340 1132439940 600
1132440060 1132440300 240
1132440420 1132440540 120
1132440900 1132441080 180
1132881300 1132881480 180
1132905600 1132905780 180
1132952940 1132953060 120
1132953120 1132953300 180
1133035140 1133038680 3540
1133044380 1133044560 180
1133639160 1133639280 120
1133650620 1133650800 180
1133650980 1133651160 180
1133651280 1133651520 240
1134267060 1134267240 180
1136056440 1136061420 4980
1136240760 1136240940 180