1126051217 1126151760 100543
1126976280 1128201720 1225440
1128787140 1128787680 540
1129391700 1129588320 196620
1129588860 1129589160 300
1129589640 1129591380 1740
1129593000 1129593120 120
1129593240 1129593480 240
1129594440 1129664580 70140
1129664700 1129667760 3060
1129672800 1129673760 960
1129993140 1129996560 3420
1130608740 1130610780 2040
1131209940 1131213060 3120
1131213540 1131214800 1260
1131492480 1131498000 5520
1131811140 1131813300 2160
1132426680 1132427160 480
1133625540 1133627580 2040
1134861780 1134942120 80340
1135352040 1135354680 2640
1136614355 1136650800 36445
1136790060 1136791500 1440