1126251604 1126251654
1126251655 1126251990
1126251991 1126252133
1126252291 1126252318
1126252319 1126252366
1126252367 1126252544
1126105088 1126105235
1126105236 1126105316
1126105318 1126105571
1126105573 1126105928
1126105930 1126106288
1126106289 1126106422
1126106424 1126106628
1126106629 1126107001
1126107002 1126107272
1126107279 1126107367
1126107369 1126107736
1126107737 1126108113
1126108115 1126108408
1126108410 1126108482
1126108483 1126108835
1126108836 1126109184
1126092800 1126092936
1126092938 1126093238
1126093239 1126093574
1126093575 1126093943
1126093944 1126094307
1126094308 1126094648
1126094649 1126094984
1126094985 1126095272
1126095274 1126095283
1126095284 1126095607
1126095608 1126095910
1126095911 1126095972
1126095973 1126096249
1126096251 1126096377
1126096379 1126096541
1126096543 1126096877
1126096878 1126096896
1126318080 1126318096
1126318097 1126318440
1126318441 1126318499
1126318500 1126318743
1126318744 1126318819
1126318820 1126319044
1126319045 1126319074
1126319081 1126319399
1126319401 1126319450
1126319451 1126319676
1126319678 1126319759
1126319760 1126319990
1126319998 1126320121
1126320122 1126320495
1126320496 1126320812
1126320813 1126321127
1126321128 1126321189
1126321190 1126321437
1126321438 1126321561
1126321562 1126321743
1126321744 1126322067
1126322068 1126322094
1126322095 1126322176
1126290026 1126290230
1126290232 1126290356
1126290358 1126290360
1126290361 1126290472
1126290474 1126290479
1126290481 1126290662
1126290664 1126290731
1126290732 1126290815
1126290817 1126290895
1126290897 1126290900
1126290902 1126290959
1126290961 1126290962
1126290966 1126290969
1126290971 1126291090
1126291092 1126291097
1126291099 1126291111
1126291113 1126291115
1126291117 1126291151
1126291153 1126291254
1126291256 1126291384
1126291386 1126291390
1126291392 1126291483
1126291484 1126291574
1126291576 1126291789
1126291791 1126291797
1126291798 1126291878
1126291879 1126291905
1126291909 1126291920
1126291922 1126291923
1126291925 1126291985
1126291990 1126291996
1126291998 1126292010
1126292012 1126292027
1126292029 1126292276
1126292278 1126292325
1126292327 1126292421
1126292423 1126292501
1126292503 1126292593
1126292594 1126292608
1126292610 1126292616
1126292618 1126292626
1126292627 1126292692
1126292693 1126292717
1126292719 1126292733
1126292738 1126292798
1126292802 1126292828
1126292830 1126292897
1126292901 1126293017
1126293260 1126293272
1126293273 1126293276
1126293277 1126293281
1126293283 1126293284
1126293286 1126293301
1126293303 1126293313
1126293314 1126293315
1126293316 1126293319
1126293321 1126293328
1126293329 1126293352
1126293356 1126293360
1126293361 1126293362
1126293363 1126293365
1126293366 1126293374
1126293376 1126293423
1126293425 1126293477
1126293478 1126293488
1126293489 1126293504
1126125568 1126125698
1126125699 1126125757
1126125759 1126126221
1126126222 1126126613
1126126615 1126126832
1126076416 1126076443
1126076445 1126076618
1126076619 1126076954
1126076955 1126077305
1126077307 1126077423
1126077425 1126077427
1126077429 1126077628
1126077632 1126077651
1126077652 1126077712
1126077714 1126077716
1126077718 1126078004
1126078006 1126078366
1126078367 1126078544
1126078546 1126078571
1126078572 1126078739
1126078740 1126079072
1126079073 1126079421
1126079423 1126079772
1126079773 1126079848
1126079850 1126080127
1126080128 1126080210
1126080212 1126080408
1126080409 1126080412
1126080414 1126080469
1126080471 1126080497
1126080499 1126080512
1126330368 1126330422
1126330423 1126330583
1126330584 1126330605
1126330606 1126330637
1126330697 1126330735
1126330736 1126330744
1126330745 1126330751
1126330754 1126330755
1126330757 1126330764
1126330765 1126331055
1126331056 1126331059
1126420480 1126420653
1126420655 1126420858
1126420860 1126421008
1126421009 1126421320
1126421321 1126421626
1126421627 1126421924
1126421925 1126421989
1126421991 1126422156
1126422158 1126422260
1126422262 1126422296
1126422298 1126422542
1126422543 1126422841
1126422842 1126423167
1126423168 1126423173
1126423174 1126423461
1126423462 1126423744
1126423751 1126423762
1126423763 1126424064
1126424065 1126424414
1126424415 1126424576
1126424576 1126424726
1126424727 1126424762
1126424763 1126424783
1126424784 1126425013
1126425015 1126425077
1126425078 1126425339
1126425341 1126425669
1126425670 1126425860
1126425867 1126426025
1126426026 1126426037
1126426496 1126426512
1126426514 1126426521
1126426523 1126426531
1126426533 1126426538
1126426540 1126426549
1126426551 1126426557
1126426558 1126426576
1126426578 1126426658
1126426662 1126426667
1126426672 1126426713
1126426715 1126426720
1126426722 1126426766
1126426769 1126426776
1126426778 1126426814
1126426816 1126426823
1126426828 1126426833
1126426835 1126426842
1126426844 1126426855
1126426857 1126426932
1126426934 1126426961
1126426963 1126427024
1126427026 1126427033
1126427035 1126427053
1126427055 1126427132
1126427134 1126427136
1126427138 1126427187
1126427189 1126427236
1126427240 1126427243
1126427244 1126427247
1126427249 1126427250
1126427252 1126427275
1126427277 1126427316
1126427318 1126427351
1126427353 1126427356
1126427358 1126427360
1126427362 1126427402
1126427404 1126427417
1126100992 1126101193
1126101194 1126101525
1126101527 1126101701
1126101708 1126101849
1126101851 1126101880
1126101882 1126102138
1126102139 1126102480
1126102481 1126102831
1126102832 1126103142
1126103143 1126103480
1126103481 1126103817
1126103818 1126103819
1126103820 1126104055
1126104057 1126104173
1126104174 1126104538
1126104539 1126104543
1126104544 1126104897
1126104898 1126105088
1126404096 1126404297
1126404298 1126404357
1126404358 1126404605
1126404606 1126404935
1126404936 1126405196
1126405203 1126405234
1126405235 1126405595
1126405596 1126405842
1126405843 1126405958
1126405959 1126405997
1126405998 1126406303
1126406304 1126406606
1126406613 1126406646
1126406647 1126406940
1126406941 1126407119
1126407126 1126407249
1126407250 1126407575
1126407576 1126407868
1126407870 1126408170
1126408171 1126408192
1126154240 1126154380
1126154382 1126154571
1126154572 1126154950
1126154952 1126155041
1126155043 1126155336
1126155799 1126155949
1126155950 1126156085
1126156088 1126156439
1126156440 1126156813
1126156814 1126157138
1126157139 1126157199
1126157200 1126157367
1126157374 1126157596
1126157597 1126157964
1126157965 1126158000
1126158001 1126158002
1126158004 1126158059
1126158060 1126158319
1126158321 1126158336
1126412288 1126412353
1126412355 1126412547
1126412549 1126412655
1126412656 1126412937
1126412938 1126413242
1126413243 1126413545
1126413546 1126413831
1126413832 1126413890
1126413891 1126414124
1126414125 1126414228
1126414229 1126414268
1126414269 1126414417
1126414418 1126414437
1126414438 1126414730
1126414731 1126415051
1126415053 1126415069
1126415071 1126415332
1126415334 1126415628
1126415630 1126415919
1126415920 1126416240
1126416242 1126416298
1126416300 1126416384
1126401691 1126401917
1126401977 1126402196
1126402197 1126402541
1126402542 1126402663
1126402664 1126402696
1126402698 1126402868
1126402869 1126402882
1126402885 1126402934
1126402936 1126403214
1126403216 1126403293
1126403300 1126403597
1126403598 1126403937
1126403938 1126404036
1126404038 1126404096
1126150144 1126150324
1126150325 1126150740
1126150741 1126150767
1126150774 1126151118
1126151120 1126151473
1126151475 1126151773
1126151774 1126151842
1126151844 1126151988
1126151990 1126151999
1126152001 1126152014
1126152016 1126152249
1126152250 1126152288
1126152290 1126152443
1126152445 1126152488
1126152490 1126152518
1126152521 1126152656
1126152657 1126153052
1126153053 1126153125
1126153127 1126153432
1126153433 1126153542
1126153543 1126153805
1126153807 1126153986
1126153989 1126153990
1126153993 1126153997
1126153999 1126154202
1126154203 1126154240
1126306937 1126306951
1126306953 1126306961
1126306963 1126306991
1126306992 1126307018
1126307020 1126307021
1126307022 1126307031
1126307033 1126307057
1126308670 1126308774
1126308776 1126308792
1126308794 1126308871
1126308872 1126309132
1126309134 1126309140
1126309141 1126309449
1126309451 1126309453
1126309464 1126309474
1126309476 1126309484
1126309485 1126309577
1126309637 1126309765
1126309767 1126309817
1126309877 1126309888
1126432768 1126432822
1126432823 1126432883
1126432885 1126433152
1126433154 1126433493
1126433495 1126433827
1126433828 1126434187
1126434188 1126434520
1126434521 1126434551
1126434553 1126434795
1126434802 1126434832
1126434833 1126434853
1126434855 1126435124
1126435126 1126435424
1126435425 1126435489
1126435491 1126435753
1126435754 1126435992
1126435994 1126435996
1126436000 1126436042
1126436043 1126436365
1126436366 1126436708
1126436709 1126436864
1126088704 1126088913
1126088914 1126089240
1126089241 1126089267
1126089268 1126089556
1126089557 1126089768
1126089776 1126089882
1126089883 1126090229
1126090230 1126090565
1126090566 1126090597
1126090601 1126090632
1126090635 1126090921
1126090922 1126091291
1126091292 1126091643
1126091644 1126091870
1126091872 1126091977
1126091979 1126092306
1126092307 1126092318
1126092319 1126092638
1126092640 1126092800
1126273024 1126273107
1126273108 1126273419
1126273420 1126273730
1126273731 1126274053
1126274054 1126274296
1126274298 1126274313
1126274315 1126274317
1126276234 1126276560
1126276561 1126276838
1126276840 1126276863
1126276864 1126277120
1126293504 1126293669
1126293671 1126293684
1126293686 1126293687
1126293689 1126293788
1126293790 1126293879
1126293881 1126293912
1126293914 1126293986
1126293991 1126293992
1126293994 1126294238
1126294240 1126294351
1126294352 1126294355
1126294357 1126294542
1126294549 1126294618
1126294620 1126294653
1126294655 1126294990
1126294992 1126295366
1126295367 1126295386
1126295388 1126295491
1126295492 1126295619
1126295621 1126295677
1126295679 1126295705
1126295707 1126295766
1126295768 1126295935
1126295937 1126295960
1126295961 1126296049
1126296050 1126296295
1126296297 1126296363
1126296365 1126296367
1126296369 1126296398
1126296399 1126296783
1126296784 1126296801
1126296802 1126296834
1126296836 1126296899
1126296902 1126296904
1126296906 1126297138
1126297139 1126297223
1126297224 1126297296
1126297298 1126297356
1126297358 1126297400
1126297402 1126297513
1126297514 1126297600
1126416384 1126416533
1126416534 1126416840
1126416841 1126417141
1126417142 1126417181
1126417182 1126417326
1126417330 1126417461
1126417463 1126417485
1126417486 1126417581
1126417583 1126417737
1126417739 1126418080
1126418081 1126418389
1126418390 1126418686
1126418687 1126418745
1126418746 1126418996
1126418997 1126419311
1126419312 1126419635
1126419636 1126419855
1126419857 1126419951
1126419952 1126419989
1126419992 1126420200
1126420202 1126420217
1126420277 1126420292
1126420293 1126420311
1126420312 1126420480
1126096896 1126097198
1126097200 1126097219
1126097220 1126097593
1126097594 1126097927
1126097928 1126097989
1126097990 1126098156
1126098157 1126098240
1126098242 1126098538
1126098540 1126098867
1126098868 1126099178
1126099180 1126099498
1126099499 1126099521
1126099523 1126099526
1126099528 1126099641
1126099643 1126099644
1126099646 1126099835
1126099837 1126100107
1126100109 1126100162
1126100163 1126100499
1126100500 1126100737
1126100740 1126100845
1126100846 1126100859
1126100861 1126100982
1126100983 1126100992
1126256645 1126256652
1126256653 1126256765
1126256766 1126256969
1126256971 1126257260
1126257261 1126257592
1126257593 1126257848
1126257849 1126257946
1126257948 1126257997
1126257998 1126258070
1126258072 1126258291
1126258293 1126258649
1126258650 1126259020
1126259021 1126259351
1126259352 1126259592
1126259594 1126259645
1126259646 1126259943
1126259945 1126260197
1126260201 1126260284
1126260285 1126260375
1126260379 1126260621
1126260622 1126260623
1126260625 1126260736
1126149058 1126149206
1126149208 1126149352
1126149354 1126149518
1126149522 1126149564
1126149567 1126149589
1126149590 1126149612
1126149615 1126149655
1126149657 1126149762
1126149765 1126149889
1126149891 1126149919
1126149921 1126149943
1126149944 1126149993
1126149999 1126150144
1126297600 1126297650
1126297652 1126297654
1126297656 1126297703
1126297705 1126297765
1126297767 1126297820
1126297822 1126297857
1126297859 1126297872
1126297874 1126297876
1126297877 1126297901
1126297903 1126297963
1126297965 1126297992
1126297994 1126298032
1126298034 1126298061
1126298063 1126298216
1126298217 1126298243
1126298244 1126298324
1126298325 1126298615
1126298616 1126298702
1126298704 1126298949
1126298950 1126299137
1126299197 1126299328
1126299330 1126299422
1126299424 1126299497
1126299557 1126299670
1126299671 1126299780
1126299781 1126299973
1126299975 1126300014
1126300016 1126300031
1126300032 1126300411
1126300413 1126300499
1126300501 1126300743
1126300744 1126300833
1126300834 1126301118
1126301119 1126301212
1126301213 1126301284
1126301291 1126301417
1126408192 1126408210
1126408217 1126408450
1126408451 1126408454
1126408456 1126408527
1126408528 1126408598
1126408599 1126408780
1126408781 1126409077
1126409078 1126409428
1126409429 1126409752
1126409753 1126410112
1126410113 1126410476
1126410477 1126410828
1126410829 1126411135
1126411137 1126411469
1126411470 1126411514
1126411515 1126411747
1126411748 1126412057
1126412058 1126412288
1126252544 1126252724
1126252725 1126253032
1126253033 1126253343
1126253344 1126253630
1126253631 1126253665
1126253667 1126253711
1126253713 1126253959
1126253960 1126254231
1126254236 1126254253
1126254254 1126254315
1126254317 1126254596
1126254597 1126254759
1126254760 1126254837
1126254839 1126254952
1126254953 1126255252
1126255254 1126255590
1126255591 1126255833
1126255835 1126255939
1126255940 1126255992
1126255993 1126256310
1126256311 1126256638
1126326272 1126326492
1126326494 1126326812
1126326814 1126326825
1126326826 1126326850
1126326852 1126326881
1126326883 1126326885
1126326886 1126326889
1126326891 1126326897
1126326899 1126326909
1126326911 1126326913
1126326914 1126326920
1126326921 1126326930
1126326931 1126326963
1126326964 1126326967
1126326968 1126326971
1126326972 1126326973
1126326976 1126326988
1126326991 1126327009
1126327010 1126327011
1126327012 1126327025
1126327026 1126327034
1126327037 1126327048
1126327053 1126327069
1126327072 1126327074
1126327076 1126327094
1126327095 1126327171
1126327172 1126327239
1126327241 1126327244
1126327245 1126327251
1126327255 1126327267
1126327268 1126327269
1126327271 1126327274
1126327277 1126327279
1126327280 1126327315
1126327317 1126327350
1126327352 1126327357
1126327360 1126327366
1126327370 1126327377
1126327378 1126327390
1126327391 1126327392
1126327393 1126327394
1126327396 1126327397
1126327457 1126327460
1126327461 1126327465
1126327466 1126327469
1126327471 1126327472
1126327473 1126327474
1126327477 1126327481
1126327482 1126327502
1126327503 1126327506
1126327507 1126327517
1126327519 1126327638
1126327639 1126327641
1126327643 1126327662
1126327663 1126327701
1126327702 1126327703
1126327704 1126327722
1126327723 1126327747
1126327748 1126327797
1126327799 1126327889
1126327891 1126327892
1126327893 1126328111
1126328112 1126328158
1126328160 1126328166
1126328168 1126328173
1126328175 1126328412
1126328414 1126328751
1126328752 1126328957
1126329017 1126329019
1126329022 1126329051
1126329053 1126329089
1126329090 1126329221
1126329223 1126329325
1126329326 1126329334
1126329336 1126329342
1126329344 1126329353
1126329354 1126329355
1126329357 1126329361
1126329364 1126329365
1126329367 1126329411
1126329413 1126329523
1126329524 1126329690
1126329691 1126329731
1126329732 1126329783
1126329785 1126329856
1126329857 1126329860
1126329862 1126330012
1126330013 1126330109
1126330110 1126330347
1126330348 1126330368
1126309888 1126309889
1126309933 1126309934
1126309941 1126309944
1126309949 1126309950
1126309963 1126309964
1126309965 1126309985
1126309986 1126310004
1126310006 1126310021
1126310022 1126310023
1126310025 1126310026
1126310027 1126310031
1126310032 1126310050
1126310051 1126310053
1126310054 1126310058
1126310059 1126310065
1126310066 1126310068
1126310069 1126310073
1126310078 1126310084
1126310086 1126310151
1126310152 1126310153
1126310156 1126310163
1126310165 1126310179
1126310183 1126310187
1126310194 1126310225
1126310227 1126310241
1126310242 1126310251
1126310252 1126310260
1126310262 1126310263
1126310267 1126310269
1126310270 1126310288
1126310289 1126310296
1126310299 1126310317
1126310320 1126310322
1126310325 1126310331
1126310332 1126310333
1126310334 1126310335
1126310336 1126310340
1126310341 1126310343
1126310344 1126310347
1126310348 1126310350
1126310351 1126310372
1126310373 1126310374
1126310375 1126310499
1126310501 1126310598
1126310600 1126310668
1126310669 1126310879
1126310887 1126310959
1126310961 1126311337
1126311338 1126311549
1126311550 1126311703
1126311705 1126311905
1126311907 1126312083
1126312085 1126312440
1126312441 1126312818
1126312819 1126313174
1126313175 1126313520
1126313521 1126313531
1126313533 1126313536
1126313539 1126313638
1126313639 1126313641
1126313643 1126313650
1126313651 1126313906
1126313908 1126313984
1126301717 1126301732
1126301735 1126301736
1126301737 1126301748
1126301749 1126301757
1126301758 1126301763
1126301764 1126301776
1126301777 1126301778
1126301781 1126301794
1126301795 1126301815
1126301817 1126301844
1126301845 1126301854
1126301856 1126301859
1126301860 1126301861
1126301862 1126301897
1126301957 1126301961
1126301962 1126302174
1126302176 1126302197
1126302257 1126302270
1126302272 1126302312
1126302314 1126302381
1126302383 1126302402
1126302404 1126302416
1126302418 1126302437
1126302497 1126302502
1126302504 1126302514
1126302516 1126302551
1126302553 1126302555
1126302617 1126302624
1126302626 1126302660
1126302662 1126302840
1126302842 1126302932
1126302934 1126302946
1126302948 1126302955
1126302957 1126302979
1126302980 1126302994
1126302995 1126303009
1126303011 1126303047
1126303049 1126303057
1126303058 1126303086
1126303088 1126303143
1126303145 1126303147
1126303148 1126303153
1126303155 1126303156
1126303158 1126303159
1126303161 1126303162
1126303163 1126303256
1126303258 1126303354
1126303355 1126303366
1126303368 1126303436
1126303438 1126303707
1126303708 1126303785
1126303787 1126304090
1126304092 1126304248
1126304250 1126304310
1126304312 1126304353
1126304355 1126304378
1126304380 1126304413
1126304414 1126304477
1126304537 1126304543
1126304546 1126304549
1126304551 1126304578
1126304580 1126304597
1126304777 1126304778
1126304779 1126304780
1126304782 1126304791
1126304793 1126304897
1126305077 1126305147
1126305148 1126305197
1126305377 1126305431
1126305433 1126305434
1126305436 1126305437
1126305557 1126305589
1126305591 1126305593
1126305594 1126305606
1126305608 1126305617
1126322176 1126322216
1126322217 1126322437
1126322439 1126322768
1126322769 1126322991
1126322999 1126323127
1126323129 1126323201
1126323202 1126323260
1126323262 1126323266
1126323268 1126323470
1126323471 1126323820
1126323821 1126323989
1126323991 1126323996
1126323998 1126324137
1126324138 1126324458
1126324459 1126324589
1126324590 1126324595
1126324596 1126324621
1126324625 1126324641
1126324643 1126324758
1126324759 1126324905
1126324907 1126325106
1126325108 1126325318
1126325319 1126325433
1126325435 1126325516
1126325517 1126325658
1126325659 1126325660
1126325661 1126325663
1126325664 1126325670
1126325671 1126325687
1126325689 1126325692
1126325693 1126325710
1126325711 1126325713
1126325714 1126325767
1126325768 1126325771
1126325772 1126325826
1126325827 1126325829
1126325830 1126325850
1126325851 1126325862
1126325863 1126325881
1126325882 1126325938
1126325939 1126326133
1126326134 1126326272
1126436864 1126437025
1126437027 1126437316
1126437318 1126437646
1126437647 1126437889
1126437896 1126437991
1126437993 1126438328
1126438329 1126438380
1126438381 1126438685
1126438687 1126438755
1126438757 1126439004
1126439006 1126439338
1126439339 1126439642
1126439643 1126439899
1126439901 1126439947
1126439949 1126439966
1126439967 1126439970
1126439972 1126440252
1126440253 1126440302
1126440303 1126440559
1126440560 1126440685
1126440687 1126440848
1126440849 1126440960
1126260736 1126260842
1126260844 1126260910
1126260911 1126261217
1126261219 1126261312
1126261314 1126261548
1126261549 1126261619
1126261621 1126261633
1126261637 1126261901
1126261903 1126262273
1126262274 1126262503
1126262505 1126262508
1126262510 1126262565
1126262567 1126262629
1126262631 1126262929
1126262930 1126263143
1126263145 1126263176
1126263178 1126263231
1126263233 1126263255
1126263257 1126263561
1126263562 1126263578
1126263580 1126263794
1126263795 1126263908
1126263909 1126264207
1126264208 1126264376
1126264377 1126264391
1126264392 1126264408
1126264415 1126264490
1126264491 1126264780
1126264781 1126264832
1126268928 1126269126
1126269127 1126269482
1126269484 1126269592
1126269593 1126269729
1126269730 1126269742
1126269743 1126269828
1126269829 1126270141
1126270142 1126270450
1126270451 1126270499
1126270501 1126270751
1126270753 1126270820
1126270822 1126270834
1126270836 1126271037
1126271038 1126271078
1126271079 1126271394
1126271396 1126271488
1126271489 1126271713
1126271714 1126272070
1126272071 1126272420
1126272421 1126272615
1126272616 1126272771
1126272773 1126273024
1126264832 1126265102
1126265103 1126265415
1126265416 1126265715
1126265716 1126265757
1126265759 1126266060
1126266061 1126266423
1126266424 1126266738
1126266740 1126266771
1126266772 1126266886
1126266887 1126266957
1126266959 1126267105
1126267107 1126267443
1126267444 1126267703
1126267704 1126267739
1126267740 1126268086
1126268088 1126268440
1126268442 1126268779
1126268781 1126268928
1126432226 1126432353
1126432354 1126432500
1126432501 1126432768
1126277120 1126277124
1126277126 1126277168
1126277169 1126277527
1126277528 1126277557
1126277559 1126277649
1126277650 1126277654
1126277656 1126277900
1126277901 1126278090
1126278092 1126278193
1126278195 1126278216
1126278217 1126278337
1126278341 1126278393
1126278394 1126278428
1126278430 1126278523
1126278525 1126278534
1126278537 1126278543
1126278544 1126278545
1126278547 1126278550
1126278552 1126278572
1126278573 1126278577
1126278580 1126278583
1126278585 1126278587
1126278588 1126278593
1126278595 1126278597
1126278599 1126278605
1126278606 1126278619
1126278620 1126278641
1126278643 1126278827
1126278834 1126278854
1126278855 1126278951
1126278953 1126279133
1126279135 1126279157
1126279158 1126279194
1126279196 1126279240
1126279242 1126279457
1126279459 1126279461
1126279462 1126279502
1126279504 1126279779
1126279780 1126279958
1126279960 1126279962
1126279964 1126280066
1126280067 1126280375
1126280377 1126280499
1126280502 1126280510
1126280512 1126280688
1126280689 1126281054
1126281055 1126281116
1126281117 1126281179
1126281180 1126281216
1126139205 1126139266
1126080512 1126080536
1126080544 1126080849
1126080850 1126080978
1126080986 1126081183
1126081185 1126081398
1126081401 1126081403
1126081405 1126081521
1126081522 1126081878
1126081879 1126082221
1126082223 1126082225
1126082227 1126082238
1126082242 1126082244
1126082245 1126082609
1126082611 1126082978
1126082979 1126083302
1126083303 1126083517
1126083525 1126083651
1126083653 1126083702
1126083704 1126083991
1126083992 1126084197
1126084199 1126084280
1126084281 1126084366
1126084367 1126084536
1126084543 1126084608
1126109184 1126109190
1126109191 1126109457
1126109459 1126109555
1126109557 1126109578
1126109580 1126109722
1126109724 1126109975
1126109976 1126110014
1126110015 1126110402
1126110403 1126110799
1126110801 1126111257
1126111258 1126111348
1126111350 1126111635
1126111636 1126112025
1126112026 1126112445
1126112446 1126112842
1126112843 1126113218
1126113220 1126113229
1126113231 1126113248
1126113249 1126113266
1126113267 1126113280
1126121472 1126121503
1126121507 1126121508
1126121511 1126121515
1126121519 1126121520
1126121522 1126121669
1126121670 1126121808
1126121811 1126122089
1126122090 1126122874
1126122876 1126123267
1126123553 1126123590
1126123592 1126123651
1126123653 1126123657
1126123659 1126123664
1126123671 1126123742
1126123743 1126124080
1126124081 1126124198
1126124200 1126124472
1126124474 1126124884
1126124886 1126124890
1126124891 1126124963
1126124965 1126125058
1126125060 1126125132
1126125134 1126125252
1126125265 1126125346
1126125348 1126125568
1126281216 1126281366
1126281367 1126281715
1126281716 1126281754
1126084608 1126084716
1126084717 1126085039
1126085041 1126085103
1126085104 1126085381
1126085382 1126085513
1126085514 1126085738
1126085739 1126086067
1126086069 1126086259
1126086263 1126086433
1126086434 1126086728
1126086729 1126086763
1126086764 1126086796
1126086797 1126086864
1126086867 1126087149
1126087150 1126087430
1126087432 1126087503
1126087504 1126087840
1126087841 1126088182
1126088183 1126088549
1126088551 1126088704
1126073529 1126073713
1126073715 1126074082
1126074083 1126074106
1126074108 1126074445
1126074446 1126074707
1126074709 1126074711
1126074713 1126074725
1126074727 1126074730
1126074732 1126074824
1126074825 1126075197
1126075198 1126075221
1126075229 1126075540
1126075541 1126075883
1126075884 1126076200
1126076201 1126076244
1126076245 1126076279
1126076286 1126076396
1126076397 1126076416
1126162432 1126162460
1126162461 1126162716
1126162719 1126162815
1126162817 1126163147
1126163148 1126163201
1126163202 1126163585
1126163586 1126163919
1126163921 1126163951
1126163953 1126163990
1126163991 1126163997
1126163999 1126164335
1126164336 1126164703
1126164704 1126164921
1126164923 1126165086
1126165087 1126165340
1126165347 1126165475
1126165476 1126165584
1126165585 1126165594
1126165595 1126165836
1126165838 1126165848
1126165849 1126165857
1126165859 1126165997
1126166000 1126166028
1126313984 1126314263
1126314264 1126314298
1126314300 1126314411
1126314413 1126314609
1126314610 1126314655
1126314656 1126314761
1126314762 1126314830
1126314831 1126314844
1126314845 1126314848
1126314849 1126314969
1126314971 1126315314
1126315316 1126315523
1126315524 1126315644
1126315645 1126315653
1126315654 1126315659
1126315661 1126315674
1126315675 1126315679
1126315680 1126315687
1126315688 1126315726
1126315727 1126315733
1126315734 1126315742
1126315743 1126316034
1126316035 1126316347
1126316349 1126316381
1126316383 1126316562
1126316564 1126316662
1126316664 1126316782
1126316783 1126316786
1126316787 1126316814
1126316815 1126317032
1126317033 1126317332
1126317336 1126317387
1126317388 1126317738
1126317740 1126317873
1126317875 1126317895
1126317897 1126317921
1126317922 1126318080
1126121462 1126121472
1126113280 1126113345
1126113346 1126113392
1126113394 1126113462
1126113464 1126113473
1126113475 1126113581
1126113583 1126113608
1126113610 1126113714
1126113716 1126113731
1126113733 1126113944
1126113945 1126114140
1126114141 1126114143
1126114144 1126114188
1126114189 1126114260
1126114261 1126114375
1126114377 1126114441
1126114442 1126114459
1126114461 1126114516
1126114518 1126114607
1126114608 1126114854
1126114855 1126114858
1126114859 1126114861
1126158336 1126158689
1126158690 1126159066
1126159068 1126159461
1126159463 1126159689
1126159694 1126159733
1126159741 1126159742
1126159746 1126159797
1126159800 1126159826
1126159827 1126160210
1126160211 1126160585
1126160587 1126160797
1126160804 1126160967
1126160968 1126161332
1126161334 1126161593
1126161594 1126161687
1126161688 1126161999
1126162001 1126162079
1126162081 1126162097
1126162098 1126162229
1126162231 1126162234
1126162240 1126162432
