1126105088 1126105116
1126105117 1126105193
1126105194 1126105359
1126105361 1126105440
1126105442 1126105642
1126105643 1126105759
1126105761 1126105824
1126105825 1126105983
1126105984 1126106277
1126106278 1126106450
1126106451 1126106795
1126106796 1126106973
1126106974 1126107059
1126107061 1126107329
1126107330 1126107519
1126107520 1126107886
1126107887 1126107955
1126107957 1126108078
1126108079 1126108411
1126108412 1126108416
1126108418 1126108571
1126108573 1126108720
1126108721 1126109055
1126109057 1126109184
1126092800 1126092838
1126092839 1126092919
1126092920 1126092964
1126092965 1126093350
1126093351 1126093622
1126093623 1126093999
1126094000 1126094107
1126094108 1126094182
1126094183 1126094371
1126094372 1126094674
1126094675 1126094770
1126094771 1126094867
1126094868 1126095058
1126095059 1126095256
1126095257 1126095458
1126095459 1126095548
1126095549 1126095566
1126095567 1126095660
1126095662 1126095698
1126095699 1126095790
1126095793 1126095921
1126095922 1126096375
1126096376 1126096510
1126096513 1126096781
1126096782 1126096876
1126096877 1126096896
1126076416 1126076483
1126076484 1126076642
1126076643 1126076851
1126076852 1126076949
1126076950 1126077043
1126077044 1126077161
1126077162 1126077276
1126077277 1126077375
1126077376 1126077461
1126077462 1126077473
1126077474 1126077520
1126077521 1126077555
1126077556 1126077886
1126077887 1126078245
1126078246 1126078557
1126078558 1126078675
1126078676 1126078741
1126078742 1126078887
1126078894 1126079081
1126079082 1126079179
1126079180 1126079274
1126079275 1126079391
1126079392 1126079470
1126079471 1126079505
1126079506 1126079533
1126079534 1126079892
1126079894 1126079971
1126079972 1126080067
1126080068 1126080220
1126080221 1126080512
1126100992 1126101067
1126101068 1126101154
1126101155 1126101269
1126101270 1126101458
1126101459 1126101497
1126101498 1126101885
1126101887 1126102154
1126102156 1126102191
1126102192 1126102544
1126102546 1126102653
1126102654 1126102748
1126102749 1126102885
1126102886 1126103189
1126103190 1126103295
1126103297 1126103383
1126103384 1126103529
1126103530 1126103812
1126103814 1126103833
1126103834 1126104003
1126104004 1126104105
1126104107 1126104115
1126104119 1126104309
1126104311 1126104376
1126104377 1126104388
1126104390 1126104494
1126104495 1126104558
1126104559 1126104716
1126104717 1126104795
1126104797 1126105009
1126105010 1126105069
1126105071 1126105072
1126105074 1126105077
1126105081 1126105088
1126088704 1126088769
1126088771 1126088793
1126088794 1126088799
1126088800 1126088817
1126088824 1126088847
1126088848 1126089058
1126089059 1126089155
1126089156 1126089260
1126089261 1126089369
1126089370 1126089448
1126089449 1126089481
1126089482 1126089509
1126089510 1126089861
1126089862 1126090156
1126090157 1126090509
1126090510 1126090616
1126090617 1126090722
1126090723 1126090891
1126090892 1126091050
1126091051 1126091149
1126091150 1126091253
1126091254 1126091439
1126091440 1126091491
1126091492 1126091872
1126091873 1126092155
1126092156 1126092342
1126092343 1126092519
1126092520 1126092626
1126092627 1126092732
1126092733 1126092800
1126072156 1126072174
1126072175 1126072274
1126072275 1126072320
1126096896 1126097090
1126097092 1126097174
1126097175 1126097228
1126097231 1126097623
1126097624 1126097889
1126097890 1126098262
1126098263 1126098368
1126098369 1126098473
1126098474 1126098482
1126098484 1126098660
1126098661 1126098674
1126098675 1126098703
1126098704 1126098729
1126100142 1126100174
1126100175 1126100475
1126100477 1126100659
1126100660 1126100856
1126100858 1126100992
1126080512 1126080552
1126080553 1126080658
1126080660 1126080736
1126080737 1126080881
1126080882 1126081174
1126081175 1126081283
1126081284 1126081357
1126081358 1126081514
1126081515 1126081815
1126081816 1126081844
1126081846 1126081922
1126081923 1126081999
1126082000 1126082157
1126082158 1126082335
1126082337 1126082367
1126082368 1126082465
1126082466 1126082551
1126082552 1126082665
1126082666 1126082803
1126082804 1126082899
1126082900 1126083049
1126083050 1126083394
1126083395 1126083721
1126083722 1126083773
1126083775 1126083823
1126083825 1126084043
1126084045 1126084149
1126084151 1126084224
1126084225 1126084383
1126084384 1126084608
1126109184 1126109199
1126109201 1126109307
1126109308 1126109380
1126109382 1126109453
1126109454 1126109643
1126109645 1126109827
1126109828 1126110005
1126110006 1126110310
1126110311 1126110385
1126110386 1126110566
1126110568 1126110773
1126110774 1126110880
1126110881 1126111079
1126111083 1126111127
1126111129 1126111135
1126111136 1126111138
1126084608 1126084673
1126084674 1126084779
1126084780 1126084854
1126084855 1126085004
1126085005 1126085307
1126085308 1126085415
1126085417 1126085500
1126085501 1126085651
1126085653 1126085690
1126085691 1126085973
1126085974 1126086090
1126086091 1126086176
1126086177 1126086354
1126086355 1126086385
1126086386 1126086390
1126086391 1126086553
1126088511 1126088582
1126088583 1126088659
1126088660 1126088704
1126072320 1126072389
1126072390 1126072497
1126072498 1126072601
1126072603 1126072709
1126072710 1126072728
1126072730 1126072817
1126072818 1126072924
1126072925 1126073039
1126073040 1126073138
1126073139 1126073226
1126073227 1126073286
1126073287 1126073462
1126073463 1126073936
1126073937 1126074227
1126074228 1126074407
1126074409 1126074731
1126074732 1126074900
1126074901 1126075016
1126075017 1126075121
1126075122 1126075202
1126075203 1126075217
1126075218 1126075237
1126075238 1126075631
1126075632 1126075844
1126075845 1126075989
1126075991 1126076291
1126076292 1126076408
1126076409 1126076416
